Keys: 1
25 Percentile: 1.75241996287 1.70803087823 1.75274300041
50 Percentile: 2.44011228842 2.31113735606 2.43018292036
75 Percentile: 4.72911133342 4.63488361038 4.69368530813
90 Percentile: 6.14807641095 5.89756590946 6.03566706965
99 Percentile: 10.6464079886 10.0570054945 10.4121472868

Keys: 3
25 Percentile: 2.07261120275 2.10942720664 2.14770845647
50 Percentile: 2.76460338785 2.99725467545 2.9964085317
75 Percentile: 5.05901874052 5.30872810117 5.22985130748
90 Percentile: 6.32913068158 6.8701893834 6.69313619151
99 Percentile: 10.755441124 11.7876463043 11.0398988156

Keys: 6
25 Percentile: 2.46103588231 2.51202563978 2.4662930193
50 Percentile: 3.20892463028 3.39792596965 3.20604726295
75 Percentile: 5.3153655858 5.5576634354 5.26031242636
90 Percentile: 6.65110176352 6.94667161421 6.58564951576
99 Percentile: 11.7700366788 12.2350568182 11.5115217537

Keys: 9
25 Percentile: 3.06205087127 3.16693449595 3.14552597523
50 Percentile: 3.96987120177 4.23066858865 4.101961285
75 Percentile: 5.92423153313 6.22163499324 6.02934078161
90 Percentile: 7.22776812964 7.68912935748 7.39274104912
99 Percentile: 12.591673568 14.6042075163 13.2749060268

