Keys: 1
25 Percentile: 1.73490823156 1.72473029325 1.75820961609
50 Percentile: 2.3910329508 2.38573064065 2.46267868738
75 Percentile: 4.74039433281 4.74026955977 4.73516554567
90 Percentile: 6.07811513649 6.05436746197 6.06901467857
99 Percentile: 10.1131928905 10.0069989411 10.3525032713

Keys: 3
25 Percentile: 2.37691898082 2.3936590252 2.40660066307
50 Percentile: 3.19875168437 3.2868967647 3.39626249301
75 Percentile: 5.42219711779 5.53032927024 5.57535174493
90 Percentile: 6.73264359935 6.97826376027 7.11456140565
99 Percentile: 11.4854441989 12.1591880342 12.2308407621

Keys: 6
25 Percentile: 2.68315383248 2.67594440139 2.74875506049
50 Percentile: 3.61198122139 3.70040393424 3.83324629114
75 Percentile: 5.73190760584 5.83912153002 5.97152193325
90 Percentile: 7.09357250301 7.21659392828 7.55733814023
99 Percentile: 13.1417420363 13.2139170507 14.1779127305

Keys: 9
25 Percentile: 3.16536296795 3.38720945458 3.24591478584
50 Percentile: 4.39333119459 4.58609028138 4.44678645394
75 Percentile: 6.41976665003 6.55257813813 6.41504118985
90 Percentile: 8.02060986559 8.20054605065 8.00875717663
99 Percentile: 15.9240740741 15.3678009851 15.2169779023

